12 2888 -5 1323 0
12 2883 -5 -2295 0
12 848 -5 2932 -90
12 -2724 -5 2940 -90
12 -2666 -5 871 179
12 -2676 -5 -2757 179
12 -676 -5 -2966 90
12 1204 -5 -2963 90
9 5758 0 439 0
9 -5434 0 -802 0
9 -411 0 5647 -90
9 -286 0 -5718 -90
9 6935 0 5620 -45
9 6038 0 -6080 -135
9 -6165 0 -7161 135
9 -5815 0 6118 -134
6 -1733 0 1919 135
6 -54 0 -2238 0
6 1518 0 2294 179
1 527 53 2115 134
2 -207 3 2077 0
2 2631 3 -2565 0
2 2212 3 2431 0
2 2415 3 2239 0
2 2620 3 2444 0
1 2192 53 2083 90
2 1347 3 -2356 0
2 -2259 3 -2504 0
2 -2274 3 -2174 0
2 -1907 3 -2501 0
2 -2081 3 -2321 0
2 -1361 3 -2356 0
2 -2026 3 -1239 0
4 393 0 -2564 0
4 408 0 -2608 0
4 351 0 -2605 0
3 400 0 -2597 0
3 343 0 -2653 0
3 -2388 0 -2041 0
3 -1771 0 -2605 0
5 614 100 -1929 179
5 896 100 -1783 -45
5 1233 100 -1580 180
5 -1656 100 1326 44
5 -1492 100 1043 90
5 -1551 100 665 -44
5 1161 100 16 -44
5 -822 100 -618 -89
5 -76 100 1083 89
5 -13 100 -1207 89
7 -2122 50 1046 -135
7 902 50 -2421 135
11 -172 7 -294 -135
11 -183 7 200 -45
11 272 7 -30 134
5 -1667 100 383 90
5 1553 100 -1557 0
