12 3392 -5 1938 0
12 3392 -5 -1695 0
12 1809 -5 -3745 90
12 -1826 -5 -3742 90
12 -3878 -5 -2157 0
12 -3878 -5 1461 0
12 -2298 -5 3504 -90
12 1314 -5 3504 -90
9 5758 0 439 0
9 -5434 0 -802 0
9 -411 0 5647 -90
9 -286 0 -5718 -90
9 6935 0 5620 -45
9 6038 0 -6080 -135
9 -6165 0 -7161 135
9 -5815 0 6118 -134
6 -1733 0 1919 135
6 -54 0 -2238 0
6 1518 0 2294 179
1 527 53 2115 134
2 -207 3 2077 0
2 2631 3 -2565 0
2 2212 3 2431 0
2 2415 3 2239 0
2 2620 3 2444 0
1 2192 53 2083 90
2 1347 3 -2356 0
2 -2259 3 -2504 0
2 -2274 3 -2174 0
2 -1907 3 -2501 0
2 -2081 3 -2321 0
2 -1361 3 -2356 0
2 -2026 3 -1239 0
4 393 0 -2564 0
4 408 0 -2608 0
4 351 0 -2605 0
3 400 0 -2597 0
3 343 0 -2653 0
3 -2388 0 -2041 0
3 -1771 0 -2605 0
5 -1437 100 105 90
5 491 100 -1749 -44
5 -371 100 -872 90
5 -388 100 1099 90
5 -1412 100 -264 90
5 1679 100 145 90
5 1719 100 -219 89
5 774 100 706 89
5 769 100 -422 89
5 -1393 100 -1706 90
10 59 73 26 0
10 48 73 -87 -90
10 53 73 135 -90
11 10 7 -227 179
11 26 7 259 0
11 1295 7 1805 180
11 -1655 7 1397 134
