12 2888 -5 1323 0
12 2883 -5 -2295 0
12 848 -5 2932 -90
12 -2724 -5 2940 -90
12 -2666 -5 871 179
12 -2676 -5 -2757 179
12 -676 -5 -2966 90
12 1204 -5 -2963 90
9 5758 0 439 0
9 -5434 0 -802 0
9 -411 0 5647 -90
9 -286 0 -5718 -90
9 6935 0 5620 -45
9 6038 0 -6080 -135
9 -6165 0 -7161 135
9 -5815 0 6118 -134
5 1752 100 280 90
5 1771 100 -1155 -44
5 -1333 86 -701 -44
5 -358 86 1826 -90
5 988 86 -1492 90
5 935 86 1026 90
5 -807 86 -1233 90
6 -1733 0 1919 135
6 -54 0 -2238 0
6 1518 0 2294 179
1 527 53 2115 134
5 1844 100 582 -45
5 1824 100 -131 -89
5 1829 100 -452 90
5 1879 100 -828 -90
5 935 100 -1819 135
5 -443 100 1532 135
5 -1267 100 -379 -89
5 -1325 100 -31 90
5 -1309 100 305 -90
5 -1537 100 609 45
2 -207 3 2077 0
2 2631 3 -2565 0
2 2212 3 2431 0
2 2415 3 2239 0
2 2620 3 2444 0
1 2192 53 2083 90
2 1347 3 -2356 0
2 -2259 3 -2504 0
2 -2274 3 -2174 0
2 -1907 3 -2501 0
2 -2081 3 -2321 0
2 -1361 3 -2356 0
2 -2026 3 -1239 0
4 393 0 -2564 0
4 408 0 -2608 0
4 351 0 -2605 0
4 -407 0 1430 0
3 -435 0 1419 0
3 400 0 -2597 0
3 343 0 -2653 0
3 -2388 0 -2041 0
3 -1771 0 -2605 0
3 -1254 0 -2516 0
11 -1180 7 -60 90
7 357 50 21 135
8 224 0 22 0
8 227 0 -9 0
8 60 0 141 0
8 33 0 140 0
11 96 7 205 45
